0.920 0.203 0.682 0.225   1.0
0.986 0.219 0.927 0.572   1.0
0.734 0.549 0.148 0.934   1.0
0.971 0.021 0.563 0.814   1.0
0.713 0.556 0.615 0.739   1.0
0.807 0.365 0.712 0.438   1.0
0.405 0.787 0.557 0.473   1.0
0.477 0.109 0.659 0.759   1.0
0.932 0.470 0.746 0.120   1.0
0.138 0.997 0.229 0.107   -1.0
0.388 0.505 0.582 0.454   -1.0
0.357 0.255 0.582 0.518   -1.0
0.546 0.732 0.533 0.674   1.0
0.032 0.807 0.183 0.592   -1.0
0.013 0.866 0.634 0.718   1.0
0.385 0.333 0.674 0.820   1.0
0.762 0.217 0.165 0.904   1.0
0.157 0.833 0.768 0.353   1.0
0.783 0.753 0.351 0.730   1.0
0.302 0.376 0.159 0.064   -1.0
0.302 0.670 0.108 0.037   -1.0
0.258 0.977 0.369 0.205   -1.0
0.141 0.083 0.719 0.151   -1.0
0.912 0.472 0.190 0.250   -1.0
0.402 0.490 0.373 0.585   -1.0
0.764 0.277 0.977 0.295   1.0
0.289 0.749 0.304 0.074   -1.0
0.492 0.349 0.827 0.666   1.0
0.761 0.933 0.736 0.497   1.0
0.834 0.100 0.249 0.707   -1.0
0.127 0.767 0.882 0.760   1.0
0.115 0.237 0.159 0.858   -1.0
0.190 0.016 0.472 0.840   1.0
0.834 0.810 0.213 0.115   -1.0
0.151 0.093 0.267 0.907   -1.0
0.467 0.036 0.754 0.014   -1.0
0.443 0.624 0.646 0.023   -1.0
0.013 0.569 0.325 0.051   -1.0
0.589 0.984 0.249 0.871   1.0
0.363 0.988 0.155 0.716   1.0
0.774 0.620 0.270 0.888   1.0
0.888 0.364 0.319 0.645   1.0
0.832 0.115 0.957 0.488   1.0
0.642 0.761 0.668 0.889   1.0
0.424 0.170 0.739 0.837   1.0
0.708 0.402 0.100 0.945   1.0
0.356 0.208 0.507 0.481   -1.0
0.737 0.952 0.340 0.690   1.0
0.186 0.957 0.603 0.275   1.0
0.654 0.201 0.347 0.132   -1.0
0.826 0.235 0.867 0.125   1.0
0.221 0.668 0.731 0.064   -1.0
0.614 0.320 0.062 0.504   -1.0
0.757 0.685 0.471 0.382   1.0
0.956 0.394 0.343 0.178   -1.0
0.778 0.906 0.862 0.966   1.0
0.356 0.134 0.410 0.938   -1.0
0.658 0.433 0.765 0.155   1.0
0.416 0.099 0.355 0.082   -1.0
0.516 0.377 0.007 0.335   -1.0
0.777 0.200 0.797 0.474   1.0
0.688 0.416 0.793 0.169   1.0
0.039 0.012 0.105 0.958   -1.0
0.246 0.781 0.138 0.792   1.0
0.463 0.545 0.769 0.069   -1.0
0.601 0.631 0.895 0.186   1.0
0.268 0.864 0.870 0.085   1.0
0.976 0.595 0.996 0.007   1.0
0.721 0.270 0.005 0.309   -1.0
0.824 0.962 0.504 0.301   1.0
0.909 0.452 0.065 0.244   -1.0
0.545 0.280 0.259 0.454   -1.0
0.970 0.435 0.290 0.831   -1.0
0.437 0.602 0.186 0.168   -1.0
0.808 0.115 0.351 0.472   -1.0
0.059 0.118 0.054 0.599   -1.0
0.993 0.880 0.417 0.393   1.0
0.750 0.528 0.356 0.175   -1.0
0.692 0.629 0.673 0.689   1.0
0.588 0.761 0.350 0.374   1.0
0.658 0.577 0.763 0.153   -1.0
0.461 0.899 0.148 0.424   -1.0
0.508 0.311 0.089 0.382   -1.0
0.831 0.567 0.761 0.918   1.0
0.653 0.375 0.825 0.659   1.0
0.176 0.594 0.458 0.961   1.0
0.208 0.389 0.733 0.427   -1.0
0.269 0.752 0.226 0.130   -1.0
0.823 0.583 0.937 0.776   -1.0
0.502 0.061 0.381 0.752   -1.0
0.939 0.257 0.207 0.940   1.0
0.265 0.586 0.786 0.199   -1.0
0.539 0.623 0.440 0.308   -1.0
0.612 0.327 0.290 0.755   -1.0
0.616 0.099 0.406 0.998   1.0
0.144 0.287 0.362 0.865   -1.0
0.361 0.180 0.915 0.285   -1.0
0.815 0.559 0.333 0.546   1.0
0.156 0.051 0.588 0.492   -1.0
0.727 0.967 0.171 0.719   1.0
